1	1	1	0	108	72	72	~	`	\N	\N	0	0
2	1	2	72	108	72	72	!	1	\N	\N	0	0
3	1	3	144	108	72	72	@	2	\N	\N	0	0
4	1	4	216	108	72	72	#	3	\N	\N	0	0
5	1	5	288	108	72	72	$	4	\N	\N	0	0
6	1	6	360	108	72	72	%	5	\N	\N	0	0
7	1	7	432	108	72	72	^	6	\N	\N	0	0
8	1	8	504	108	72	72	&	7	\N	\N	0	0
9	1	9	576	108	72	72	*	8	\N	\N	0	0
10	1	10	648	108	72	72	(	9	\N	\N	0	0
11	1	11	720	108	72	72	)	0	\N	\N	0	0
12	1	12	792	108	72	72	_	-	\N	\N	0	0
13	1	13	864	108	72	72	+	=	\N	\N	0	0
14	1	14	936	108	144	72	\N	Backspace	\N	\N	0	0
15	1	15	0	180	108	72	\N	Tab	\N	\N	0	0
16	1	16	108	180	72	72	Q	q	\N	\N	1	0
17	1	17	180	180	72	72	W	w	\N	\N	1	0
18	1	18	252	180	72	72	E	e	\N	\N	1	0
19	1	19	324	180	72	72	R	r	\N	\N	1	0
20	1	20	396	180	72	72	T	t	\N	\N	1	0
21	1	21	468	180	72	72	Y	y	\N	\N	1	0
22	1	22	540	180	72	72	U	u	\N	\N	1	0
23	1	23	612	180	72	72	I	i	\N	\N	1	0
24	1	24	684	180	72	72	O	o	\N	\N	1	0
25	1	25	756	180	72	72	P	p	\N	\N	1	0
26	1	26	828	180	72	72	{	[	\N	\N	0	0
27	1	27	900	180	72	72	}	]	\N	\N	0	0
28	1	28	972	180	108	72	|	\\	\N	\N	0	0
29	1	29	0	252	126	72	\N	Caps Lock	\N	\N	0	0
30	1	30	126	252	72	72	A	a	\N	\N	1	0
31	1	31	198	252	72	72	S	s	\N	\N	1	0
32	1	32	270	252	72	72	D	d	\N	\N	1	0
33	1	33	342	252	72	72	F	f	\N	\N	1	0
34	1	34	414	252	72	72	G	g	\N	\N	1	0
35	1	35	486	252	72	72	H	h	\N	\N	1	0
36	1	36	558	252	72	72	J	j	\N	\N	1	0
37	1	37	630	252	72	72	K	k	\N	\N	1	0
38	1	38	702	252	72	72	L	l	\N	\N	1	0
39	1	39	774	252	72	72	:	;	\N	\N	0	0
40	1	40	846	252	72	72	"	'	\N	\N	0	0
41	1	42	918	252	162	72	\N	Enter	\N	\N	0	0
42	1	43	0	324	162	72	\N	LShift	\N	\N	0	0
43	1	45	162	324	72	72	Z	z	\N	\N	1	0
44	1	46	234	324	72	72	X	x	\N	\N	1	0
45	1	47	306	324	72	72	C	c	\N	\N	1	0
46	1	48	378	324	72	72	V	v	\N	\N	1	0
47	1	49	450	324	72	72	B	b	\N	\N	1	0
48	1	50	522	324	72	72	N	n	\N	\N	1	0
49	1	51	594	324	72	72	M	m	\N	\N	1	0
50	1	52	666	324	72	72	<	,	\N	\N	0	0
51	1	53	738	324	72	72	>	.	\N	\N	0	0
52	1	54	810	324	72	72	?	/	\N	\N	0	0
53	1	55	882	324	198	72	\N	RShift	\N	\N	0	0
54	1	56	0	396	90	72	\N	LCtrl	\N	\N	0	0
55	1	57	180	396	90	72	\N	LAlt	\N	\N	0	0
56	1	58	270	396	450	72	\N	Space	\N	\N	0	0
57	1	59	720	396	90	72	\N	RAlt	\N	\N	0	0
58	1	60	990	396	90	72	\N	RCtrl	\N	\N	0	0
59	1	61	1116	108	72	72	\N	Insert	\N	\N	0	0
60	1	62	1116	180	72	72	\N	Delete	\N	\N	0	0
61	1	63	1116	396	72	72	\N	Left	\N	\N	0	0
62	1	64	1188	108	72	72	\N	Home	\N	\N	0	0
63	1	65	1188	180	72	72	\N	End	\N	\N	0	0
64	1	66	1188	324	72	72	\N	Up	\N	\N	0	0
65	1	67	1188	396	72	72	\N	Down	\N	\N	0	0
66	1	68	1260	108	72	72	\N	Page Up	\N	\N	0	0
67	1	69	1260	180	72	72	\N	Page Dn	\N	\N	0	0
68	1	70	1260	396	72	72	\N	Right	\N	\N	0	0
69	1	71	1368	108	72	72	\N	NumLk	\N	\N	0	1
70	1	72	1368	180	72	72	7	Home	\N	\N	0	1
71	1	73	1368	252	72	72	4	Left	\N	\N	0	1
72	1	74	1368	324	72	72	1	End	\N	\N	0	1
73	1	75	1440	108	72	72	\N	/	\N	\N	0	1
74	1	76	1440	180	72	72	8	Up	\N	\N	0	1
75	1	77	1440	252	72	72	5		\N	\N	0	1
76	1	78	1440	324	72	72	2	Down	\N	\N	0	1
77	1	79	1368	396	144	72	0	Ins	\N	\N	0	1
78	1	80	1512	108	72	72	\N	*	\N	\N	0	1
79	1	81	1512	180	72	72	9	PgUp	\N	\N	0	1
80	1	82	1512	252	72	72	6	Right	\N	\N	0	1
81	1	83	1512	324	72	72	3	PgDn	\N	\N	0	1
82	1	84	1512	396	72	72	.	Del	\N	\N	0	1
83	1	85	1584	108	72	72	\N	-	\N	\N	0	1
84	1	86	1584	180	72	144	\N	+	\N	\N	0	1
85	1	87	1584	324	72	144	\N	Enter	\N	\N	0	1
86	1	88	0	0	72	72	\N	Esc	\N	\N	0	0
87	1	89	144	0	72	72	\N	F1	\N	\N	0	0
88	1	90	216	0	72	72	\N	F2	\N	\N	0	0
89	1	91	288	0	72	72	\N	F3	\N	\N	0	0
90	1	92	360	0	72	72	\N	F4	\N	\N	0	0
91	1	93	468	0	72	72	\N	F5	\N	\N	0	0
92	1	94	540	0	72	72	\N	F6	\N	\N	0	0
93	1	95	612	0	72	72	\N	F7	\N	\N	0	0
94	1	96	684	0	72	72	\N	F8	\N	\N	0	0
95	1	97	792	0	72	72	\N	F9	\N	\N	0	0
96	1	98	864	0	72	72	\N	F10	\N	\N	0	0
97	1	99	936	0	72	72	\N	F11	\N	\N	0	0
98	1	100	1008	0	72	72	\N	F12	\N	\N	0	0
99	1	101	1116	0	72	72	SysRq	PrtScr	\N	\N	0	0
100	1	102	1188	0	72	72	\N	ScrLk	\N	\N	0	0
101	1	103	1260	0	72	72	Break	Pause	\N	\N	0	0
102	1	104	90	396	90	72	\N	LWin	\N	\N	0	0
103	1	105	810	396	90	72	\N	RWin	\N	\N	0	0
104	1	106	900	396	90	72	\N	Menu	\N	\N	0	0
209	3	1	0	108	72	72	°	^	\N	\N	0	0
210	3	2	72	108	72	72	!	1	\N	\N	0	0
211	3	3	144	108	72	72	#	2	²	\N	0	0
212	3	4	216	108	72	72	§	3	³	\N	0	0
213	3	5	288	108	72	72	$	4	\N	\N	0	0
214	3	6	360	108	72	72	%	5	\N	\N	0	0
215	3	7	432	108	72	72	&	6	\N	\N	0	0
216	3	8	504	108	72	72	/	7	{	\N	0	0
217	3	9	576	108	72	72	(	8	[	\N	0	0
218	3	10	648	108	72	72	)	9	]	\N	0	0
219	3	11	720	108	72	72	=	0	}	\N	0	0
220	3	12	792	108	72	72	?	ß	\\	\N	0	0
221	3	13	864	108	72	72	`	´	\N	\N	0	0
222	3	14	936	108	144	72	\N	Rückschrift	\N	\N	0	0
223	3	15	0	180	108	72	\N	Tabstopp	\N	\N	0	0
224	3	16	108	180	72	72	Q	q	@	\N	1	0
225	3	17	180	180	72	72	W	w	\N	\N	1	0
226	3	18	252	180	72	72	E	e	€	\N	1	0
227	3	19	324	180	72	72	R	r	\N	\N	1	0
228	3	20	396	180	72	72	T	t	\N	\N	1	0
229	3	21	468	180	72	72	Z	z	\N	\N	1	0
230	3	22	540	180	72	72	U	u	\N	\N	1	0
231	3	23	612	180	72	72	I	i	\N	\N	1	0
232	3	24	684	180	72	72	O	o	\N	\N	1	0
233	3	25	756	180	72	72	P	p	\N	\N	1	0
234	3	26	828	180	72	72	Ü	ü	\N	\N	1	0
235	3	27	900	180	72	72	*	+	~	\N	0	0
236	3	29	0	252	126	72	\N	Feststell	\N	\N	0	0
237	3	30	126	252	72	72	A	a	\N	\N	1	0
238	3	31	198	252	72	72	S	s	\N	\N	1	0
239	3	32	270	252	72	72	D	d	\N	\N	1	0
240	3	33	342	252	72	72	F	f	\N	\N	1	0
241	3	34	414	252	72	72	G	g	\N	\N	1	0
242	3	35	486	252	72	72	H	h	\N	\N	1	0
243	3	36	558	252	72	72	J	j	\N	\N	1	0
244	3	37	630	252	72	72	K	k	\N	\N	1	0
245	3	38	702	252	72	72	L	l	\N	\N	1	0
246	3	39	774	252	72	72	Ö	ö	\N	\N	1	0
247	3	40	846	252	72	72	Ä	ä	\N	\N	1	0
248	3	41	918	252	72	72	'	#	\N	\N	0	0
249	3	42	990	180	90	144	\N	Eingeben	\N	\N	0	0
250	3	43	0	324	90	72	\N	LUmschalt	\N	\N	0	0
251	3	44	90	324	72	72	>	<	|	\N	0	0
252	3	45	162	324	72	72	Y	y	\N	\N	1	0
253	3	46	234	324	72	72	X	x	\N	\N	1	0
254	3	47	306	324	72	72	C	c	\N	\N	1	0
255	3	48	378	324	72	72	V	v	\N	\N	1	0
256	3	49	450	324	72	72	B	b	\N	\N	1	0
257	3	50	522	324	72	72	N	n	\N	\N	1	0
258	3	51	594	324	72	72	M	m	µ	\N	1	0
259	3	52	666	324	72	72	;	,	\N	\N	0	0
260	3	53	738	324	72	72	:	.	\N	\N	0	0
261	3	54	810	324	72	72	_	-	\N	\N	0	0
262	3	55	882	324	198	72	\N	RUmschalt	\N	\N	0	0
263	3	56	0	396	90	72	\N	LStrg	\N	\N	0	0
264	3	57	180	396	90	72	\N	Alt	\N	\N	0	0
265	3	58	270	396	450	72	\N	Leer	\N	\N	0	0
266	3	59	720	396	90	72	\N	AltGr	\N	\N	0	0
267	3	60	990	396	90	72	\N	RStrg	\N	\N	0	0
268	3	61	1116	108	72	72	\N	Einfg	\N	\N	0	0
269	3	62	1116	180	72	72	\N	Entf	\N	\N	0	0
270	3	63	1116	396	72	72	\N	Links	\N	\N	0	0
271	3	64	1188	108	72	72	\N	Pos 1	\N	\N	0	0
272	3	65	1188	180	72	72	\N	Ende	\N	\N	0	0
273	3	66	1188	324	72	72	\N	Hoch	\N	\N	0	0
274	3	67	1188	396	72	72	\N	Runter	\N	\N	0	0
275	3	68	1260	108	72	72	\N	Bild↑	\N	\N	0	0
276	3	69	1260	180	72	72	\N	Bild↓	\N	\N	0	0
277	3	70	1260	396	72	72	\N	Rechts	\N	\N	0	0
278	3	71	1368	108	72	72	\N	Num	\N	\N	0	1
279	3	72	1368	180	72	72	7	Pos 1	\N	\N	0	1
280	3	73	1368	252	72	72	4	Links	\N	\N	0	1
281	3	74	1368	324	72	72	1	Ende	\N	\N	0	1
282	3	75	1440	108	72	72	\N	÷	\N	\N	0	1
283	3	76	1440	180	72	72	8	Hoch	\N	\N	0	1
284	3	77	1440	252	72	72	5		\N	\N	0	1
285	3	78	1440	324	72	72	2	Runter	\N	\N	0	1
286	3	79	1368	396	144	72	0	Einfg	\N	\N	0	1
287	3	80	1512	108	72	72	\N	×	\N	\N	0	1
288	3	81	1512	180	72	72	9	Bild↑	\N	\N	0	1
289	3	82	1512	252	72	72	6	Rechts	\N	\N	0	1
290	3	83	1512	324	72	72	3	Bild↓	\N	\N	0	1
291	3	84	1512	396	72	72	,	Entf	\N	\N	0	1
292	3	85	1584	108	72	72	\N	-	\N	\N	0	1
293	3	86	1584	180	72	144	\N	+	\N	\N	0	1
294	3	87	1584	324	72	144	\N	Ein-\\ngeben	\N	\N	0	1
295	3	88	0	0	72	72	\N	Esc	\N	\N	0	0
296	3	89	144	0	72	72	\N	F1	\N	\N	0	0
297	3	90	216	0	72	72	\N	F2	\N	\N	0	0
298	3	91	288	0	72	72	\N	F3	\N	\N	0	0
299	3	92	360	0	72	72	\N	F4	\N	\N	0	0
300	3	93	468	0	72	72	\N	F5	\N	\N	0	0
301	3	94	540	0	72	72	\N	F6	\N	\N	0	0
302	3	95	612	0	72	72	\N	F7	\N	\N	0	0
303	3	96	684	0	72	72	\N	F8	\N	\N	0	0
304	3	97	792	0	72	72	\N	F9	\N	\N	0	0
305	3	98	864	0	72	72	\N	F10	\N	\N	0	0
306	3	99	936	0	72	72	\N	F11	\N	\N	0	0
307	3	100	1008	0	72	72	\N	F12	\N	\N	0	0
308	3	101	1110	0	72	72	\N	Druck	\N	\N	0	0
309	3	102	1182	0	72	72	\N	Rollen	\N	\N	0	0
310	3	103	1254	0	72	72	\N	Pause	\N	\N	0	0
311	3	104	90	396	90	72	\N	LWin	\N	\N	0	0
312	3	105	810	396	90	72	\N	RWin	\N	\N	0	0
313	3	106	900	396	90	72	\N	Menü	\N	\N	0	0
314	4	1	0	108	72	72	\N	²	\N	\N	0	0
315	4	2	72	108	72	72	&	1	\N	\N	0	0
316	4	3	144	108	72	72	é	2	~	\N	0	0
317	4	4	216	108	72	72	"	3	#	\N	0	0
318	4	5	288	108	72	72	'	4	{	\N	0	0
319	4	6	360	108	72	72	(	5	[	\N	0	0
320	4	7	432	108	72	72	-	6	|	\N	0	0
321	4	8	504	108	72	72	è	7	`	\N	0	0
322	4	9	576	108	72	72	_	8	\\	\N	0	0
323	4	10	648	108	72	72	ç	9	^	\N	0	0
324	4	11	720	108	72	72	à	0	@	\N	0	0
325	4	12	792	108	72	72	)	°	]	\N	0	0
326	4	13	864	108	72	72	+	=	}	\N	0	0
327	4	14	936	108	144	72	\N	Retour	\N	\N	0	0
328	4	15	0	180	108	72	\N	Tab	\N	\N	0	0
329	4	16	108	180	72	72	A	a	@	\N	1	0
330	4	17	180	180	72	72	Z	z	\N	\N	1	0
331	4	18	252	180	72	72	E	e	\N	\N	1	0
332	4	19	324	180	72	72	R	r	\N	\N	1	0
333	4	20	396	180	72	72	T	t	\N	\N	1	0
334	4	21	468	180	72	72	Y	y	\N	\N	1	0
335	4	22	540	180	72	72	U	u	\N	\N	1	0
336	4	23	612	180	72	72	I	i	\N	\N	1	0
337	4	24	684	180	72	72	O	o	\N	\N	1	0
338	4	25	756	180	72	72	P	p	\N	\N	1	0
339	4	26	828	180	72	72	¨	ˆ	\N	\N	0	0
340	4	27	900	180	72	72	£	$	¤	\N	0	0
341	4	29	0	252	126	72	\N	Verrou	\N	\N	0	0
342	4	30	126	252	72	72	Q	q	\N	\N	1	0
343	4	31	198	252	72	72	S	s	\N	\N	1	0
344	4	32	270	252	72	72	D	d	\N	\N	1	0
345	4	33	342	252	72	72	F	f	\N	\N	1	0
346	4	34	414	252	72	72	G	g	\N	\N	1	0
347	4	35	486	252	72	72	H	h	\N	\N	1	0
348	4	36	558	252	72	72	J	j	\N	\N	1	0
349	4	37	630	252	72	72	K	k	\N	\N	1	0
350	4	38	702	252	72	72	L	l	\N	\N	1	0
351	4	39	774	252	72	72	M	m	\N	\N	1	0
352	4	40	846	252	72	72	%	ù	\N	\N	0	0
353	4	41	918	252	72	72	µ	*	\N	\N	0	0
354	4	42	990	180	90	144	\N	Entrée	\N	\N	0	0
355	4	43	0	324	90	72	\N	MajusculeG	\N	\N	0	0
356	4	44	90	324	72	72	>	<	\N	\N	0	0
357	4	45	162	324	72	72	W	w	\N	\N	1	0
358	4	46	234	324	72	72	X	x	\N	\N	1	0
359	4	47	306	324	72	72	C	c	\N	\N	1	0
360	4	48	378	324	72	72	V	v	\N	\N	1	0
361	4	49	450	324	72	72	B	b	\N	\N	1	0
362	4	50	522	324	72	72	N	n	\N	\N	1	0
363	4	51	594	324	72	72	?	,	\N	\N	0	0
364	4	52	666	324	72	72	.	;	\N	\N	0	0
365	4	53	738	324	72	72	/	:	\N	\N	0	0
366	4	54	810	324	72	72	§	!	\N	\N	0	0
367	4	55	882	324	198	72	\N	MajusculeD	\N	\N	0	0
368	4	56	0	396	90	72	\N	CtrlG	\N	\N	0	0
369	4	57	180	396	90	72	\N	Alt	\N	\N	0	0
370	4	58	270	396	450	72	\N	D'espace	\N	\N	0	0
371	4	59	720	396	90	72	\N	AltGr	\N	\N	0	0
372	4	60	990	396	90	72	\N	CtrlD	\N	\N	0	0
373	4	61	1116	108	72	72	\N	Inser	\N	\N	0	0
374	4	62	1116	180	72	72	\N	Suppr	\N	\N	0	0
375	4	63	1116	396	72	72	\N	Gouche	\N	\N	0	0
376	4	64	1188	108	72	72	\N	Début	\N	\N	0	0
377	4	65	1188	180	72	72	\N	Fin	\N	\N	0	0
378	4	66	1188	324	72	72	\N	Haut	\N	\N	0	0
379	4	67	1188	396	72	72	\N	Bas	\N	\N	0	0
380	4	68	1260	108	72	72	\N	Page\\nHaut	\N	\N	0	0
381	4	69	1260	180	72	72	\N	Page\\nBas	\N	\N	0	0
382	4	70	1260	396	72	72	\N	Droite	\N	\N	0	0
383	4	71	1368	108	72	72	\N	Verr\\nnum	\N	\N	0	1
384	4	72	1368	180	72	72	7	Début	\N	\N	0	1
385	4	73	1368	252	72	72	4	Gouche	\N	\N	0	1
386	4	74	1368	324	72	72	1	Fin	\N	\N	0	1
387	4	75	1440	108	72	72	\N	/	\N	\N	0	1
388	4	76	1440	180	72	72	8	Haut	\N	\N	0	1
389	4	77	1440	252	72	72	5		\N	\N	0	1
390	4	78	1440	324	72	72	2	Bas	\N	\N	0	1
391	4	79	1368	396	144	72	0	Inser	\N	\N	0	1
392	4	80	1512	108	72	72	\N	*	\N	\N	0	1
393	4	81	1512	180	72	72	9	Page\\nHaut	\N	\N	0	1
394	4	82	1512	252	72	72	6	Droite	\N	\N	0	1
395	4	83	1512	324	72	72	3	Page\\nBas	\N	\N	0	1
396	4	84	1512	396	72	72	.	Suppr	\N	\N	0	1
397	4	85	1584	108	72	72	\N	-	\N	\N	0	1
398	4	86	1584	180	72	144	\N	+	\N	\N	0	1
399	4	87	1584	324	72	144	\N	Entrée	\N	\N	0	1
400	4	88	0	0	72	72	\N	Echap	\N	\N	0	0
401	4	89	144	0	72	72	\N	F1	\N	\N	0	0
402	4	90	216	0	72	72	\N	F2	\N	\N	0	0
403	4	91	288	0	72	72	\N	F3	\N	\N	0	0
404	4	92	360	0	72	72	\N	F4	\N	\N	0	0
405	4	93	468	0	72	72	\N	F5	\N	\N	0	0
406	4	94	540	0	72	72	\N	F6	\N	\N	0	0
407	4	95	612	0	72	72	\N	F7	\N	\N	0	0
408	4	96	684	0	72	72	\N	F8	\N	\N	0	0
409	4	97	792	0	72	72	\N	F9	\N	\N	0	0
410	4	98	864	0	72	72	\N	F10	\N	\N	0	0
411	4	99	936	0	72	72	\N	F11	\N	\N	0	0
412	4	100	1008	0	72	72	\N	F12	\N	\N	0	0
413	4	101	1110	0	72	72	\N	Impr\\nécran	\N	\N	0	0
414	4	102	1182	0	72	72	\N	Arrêt\\nDéfil	\N	\N	0	0
415	4	103	1254	0	72	72	\N	Pause	\N	\N	0	0
416	4	104	90	396	90	72	\N	WinG	\N	\N	0	0
417	4	105	810	396	90	72	\N	WinD	\N	\N	0	0
418	4	106	900	396	90	72	\N	Menu	\N	\N	0	0
419	5	1	0	72	72	72	~	`	\N	\N	0	0
420	5	2	72	72	72	72	!	1	\N	\N	0	0
421	5	3	144	72	72	72	@	2	\N	\N	0	0
422	5	4	216	72	72	72	#	3	\N	\N	0	0
423	5	5	288	72	72	72	$	4	\N	\N	0	0
424	5	6	360	72	72	72	%	5	\N	\N	0	0
425	5	7	432	72	72	72	^	6	\N	\N	0	0
426	5	8	504	72	72	72	&	7	\N	\N	0	0
427	5	9	576	72	72	72	*	8	\N	\N	0	0
428	5	10	648	72	72	72	(	9	\N	\N	0	0
429	5	11	720	72	72	72	)	0	\N	\N	0	0
430	5	12	792	72	72	72	_	-	\N	\N	0	0
431	5	13	864	72	72	72	+	=	\N	\N	0	0
432	5	14	936	72	144	72	\N	Delete	\N	\N	0	0
433	5	15	0	144	108	72	\N	Tab	\N	\N	0	0
434	5	16	108	144	72	72	Q	q	\N	\N	1	0
435	5	17	180	144	72	72	W	w	\N	\N	1	0
436	5	18	252	144	72	72	E	e	\N	\N	1	0
437	5	19	324	144	72	72	R	r	\N	\N	1	0
438	5	20	396	144	72	72	T	t	\N	\N	1	0
439	5	21	468	144	72	72	Y	y	\N	\N	1	0
440	5	22	540	144	72	72	U	u	\N	\N	1	0
441	5	23	612	144	72	72	I	i	\N	\N	1	0
442	5	24	684	144	72	72	O	o	\N	\N	1	0
443	5	25	756	144	72	72	P	p	\N	\N	1	0
444	5	26	828	144	72	72	{	[	\N	\N	0	0
445	5	27	900	144	72	72	}	]	\N	\N	0	0
446	5	28	972	144	108	72	|	\\	\N	\N	0	0
447	5	29	0	216	126	72	\N	Caps Lock	\N	\N	0	0
448	5	30	126	216	72	72	A	a	\N	\N	1	0
449	5	31	198	216	72	72	S	s	\N	\N	1	0
450	5	32	270	216	72	72	D	d	\N	\N	1	0
451	5	33	342	216	72	72	F	f	\N	\N	1	0
452	5	34	414	216	72	72	G	g	\N	\N	1	0
453	5	35	486	216	72	72	H	h	\N	\N	1	0
454	5	36	558	216	72	72	J	j	\N	\N	1	0
455	5	37	630	216	72	72	K	k	\N	\N	1	0
456	5	38	702	216	72	72	L	l	\N	\N	1	0
457	5	39	774	216	72	72	:	;	\N	\N	0	0
458	5	40	846	216	72	72	"	'	\N	\N	0	0
459	5	42	918	216	162	72	\N	Return	\N	\N	0	0
460	5	43	0	288	162	72	\N	LShift	\N	\N	0	0
461	5	45	162	288	72	72	Z	z	\N	\N	1	0
462	5	46	234	288	72	72	X	x	\N	\N	1	0
463	5	47	306	288	72	72	C	c	\N	\N	1	0
464	5	48	378	288	72	72	V	v	\N	\N	1	0
465	5	49	450	288	72	72	B	b	\N	\N	1	0
466	5	50	522	288	72	72	N	n	\N	\N	1	0
467	5	51	594	288	72	72	M	m	\N	\N	1	0
468	5	52	666	288	72	72	<	,	\N	\N	0	0
469	5	53	738	288	72	72	>	.	\N	\N	0	0
470	5	54	810	288	72	72	?	/	\N	\N	0	0
471	5	55	882	288	198	72	\N	RShift	\N	\N	0	0
472	5	56	0	360	108	72	\N	LCtrl	\N	\N	0	0
473	5	57	108	360	90	72	\N	LAlt	\N	\N	0	0
474	5	58	306	360	468	72	\N	Space	\N	\N	0	0
475	5	59	882	360	90	72	\N	RAlt	\N	\N	0	0
476	5	60	972	360	108	72	\N	RCtrl	\N	\N	0	0
477	5	61	1107	72	72	72	\N	Help	\N	\N	0	0
478	5	62	1107	144	72	72	\N	DeleteX	\N	\N	0	0
479	5	63	1107	360	72	72	\N	Left	\N	\N	0	0
480	5	64	1179	72	72	72	\N	Home	\N	\N	0	0
481	5	65	1179	144	72	72	\N	End	\N	\N	0	0
482	5	66	1179	288	72	72	\N	Up	\N	\N	0	0
483	5	67	1179	360	72	72	\N	Down	\N	\N	0	0
484	5	68	1251	72	72	72	\N	Page Up	\N	\N	0	0
485	5	69	1251	144	72	72	\N	Page Dn	\N	\N	0	0
486	5	70	1251	360	72	72	\N	Right	\N	\N	0	0
487	5	71	1350	72	72	72	\N	Clear	\N	\N	0	1
488	5	72	1350	144	72	72	7	Home	\N	\N	0	1
489	5	73	1350	216	72	72	4	Left	\N	\N	0	1
490	5	74	1350	288	72	72	1	End	\N	\N	0	1
491	5	75	1494	72	72	72	\N	/	\N	\N	0	1
492	5	76	1422	144	72	72	8	Up	\N	\N	0	1
493	5	77	1422	216	72	72	5		\N	\N	0	1
494	5	78	1422	288	72	72	2	Down	\N	\N	0	1
495	5	79	1350	360	144	72	0	Ins	\N	\N	0	1
496	5	80	1566	72	72	72	\N	*	\N	\N	0	1
497	5	81	1494	144	72	72	9	PgUp	\N	\N	0	1
498	5	82	1494	216	72	72	6	Right	\N	\N	0	1
499	5	83	1494	288	72	72	3	PgDn	\N	\N	0	1
500	5	84	1494	360	72	72	.	Del	\N	\N	0	1
501	5	85	1566	144	72	72	\N	-	\N	\N	0	1
502	5	86	1566	216	72	72	\N	+	\N	\N	0	1
503	5	87	1566	288	72	144	\N	Enter	\N	\N	0	1
504	5	88	0	0	108	72	\N	Esc	\N	\N	0	0
505	5	89	108	0	72	72	\N	F1	\N	\N	0	0
506	5	90	180	0	72	72	\N	F2	\N	\N	0	0
507	5	91	252	0	72	72	\N	F3	\N	\N	0	0
508	5	92	324	0	72	72	\N	F4	\N	\N	0	0
509	5	93	396	0	72	72	\N	F5	\N	\N	0	0
510	5	94	468	0	72	72	\N	F6	\N	\N	0	0
511	5	95	540	0	72	72	\N	F7	\N	\N	0	0
512	5	96	612	0	72	72	\N	F8	\N	\N	0	0
513	5	97	684	0	72	72	\N	F9	\N	\N	0	0
514	5	98	756	0	72	72	\N	F10	\N	\N	0	0
515	5	99	828	0	72	72	\N	F11	\N	\N	0	0
516	5	100	900	0	72	72	\N	F12	\N	\N	0	0
517	5	104	198	360	108	72	\N	LComm	\N	\N	0	0
518	5	105	774	360	108	72	\N	RComm	\N	\N	0	0
519	5	107	972	0	108	72	\N	F13	\N	\N	0	0
520	5	108	1107	0	72	72	\N	F14	\N	\N	0	0
521	5	109	1179	0	72	72	\N	F15	\N	\N	0	0
522	5	110	1251	0	72	72	\N	F16	\N	\N	0	0
523	5	114	1422	72	72	72	\N	=	\N	\N	0	0
524	5	115	1350	0	72	72	\N	Vol -	\N	\N	0	1
525	5	116	1422	0	72	72	\N	Vol +	\N	\N	0	1
526	5	117	1494	0	72	72	\N	Mute	\N	\N	0	1
527	5	118	1566	0	72	72	\N	Eject	\N	\N	0	1
528	6	1	0	48	72	69	~	`	\N	\N	0	0
529	6	2	72	48	72	69	!	1	\N	\N	0	0
530	6	3	144	48	72	69	@	2	\N	\N	0	0
531	6	4	216	48	72	69	#	3	\N	\N	0	0
532	6	5	288	48	72	69	$	4	\N	\N	0	0
533	6	6	360	48	72	69	%	5	\N	\N	0	0
534	6	7	432	48	72	69	^	6	\N	\N	0	0
535	6	8	504	48	72	69	&	7	\N	\N	0	0
536	6	9	576	48	72	69	*	8	\N	\N	0	0
537	6	10	648	48	72	69	(	9	\N	\N	0	0
538	6	11	720	48	72	69	)	0	\N	\N	0	0
539	6	12	792	48	72	69	_	-	\N	\N	0	0
540	6	13	864	48	72	69	+	=	\N	\N	0	0
541	6	14	936	48	108	69	\N	Delete	\N	\N	0	0
542	6	15	0	117	108	69	\N	Tab	\N	\N	0	0
543	6	16	108	117	72	69	Q	q	\N	\N	1	0
544	6	17	180	117	72	69	W	w	\N	\N	1	0
545	6	18	252	117	72	69	E	e	\N	\N	1	0
546	6	19	324	117	72	69	R	r	\N	\N	1	0
547	6	20	396	117	72	69	T	t	\N	\N	1	0
548	6	21	468	117	72	69	Y	y	\N	\N	1	0
549	6	22	540	117	72	69	U	u	\N	\N	1	0
550	6	23	612	117	72	69	I	i	\N	\N	1	0
551	6	24	684	117	72	69	O	o	\N	\N	1	0
552	6	25	756	117	72	69	P	p	\N	\N	1	0
553	6	26	828	117	72	69	{	[	\N	\N	0	0
554	6	27	900	117	72	69	}	]	\N	\N	0	0
555	6	28	972	117	72	69	|	\\	\N	\N	0	0
556	6	29	0	186	126	69	\N	Caps Lock	\N	\N	0	0
557	6	30	126	186	72	69	A	a	\N	\N	1	0
558	6	31	198	186	72	69	S	s	\N	\N	1	0
559	6	32	270	186	72	69	D	d	\N	\N	1	0
560	6	33	342	186	72	69	F	f	\N	\N	1	0
561	6	34	414	186	72	69	G	g	\N	\N	1	0
562	6	35	486	186	72	69	H	h	\N	\N	1	0
563	6	36	558	186	72	69	J	j	\N	\N	1	0
564	6	37	630	186	72	69	K	k	\N	\N	1	0
565	6	38	702	186	72	69	L	l	\N	\N	1	0
566	6	39	774	186	72	69	:	;	\N	\N	0	0
567	6	40	846	186	72	69	"	'	\N	\N	0	0
568	6	42	918	186	126	69	\N	Enter	\N	\N	0	0
569	6	43	0	255	162	69	\N	LShift	\N	\N	0	0
570	6	45	162	255	72	69	Z	z	\N	\N	1	0
571	6	46	234	255	72	69	X	x	\N	\N	1	0
572	6	47	306	255	72	69	C	c	\N	\N	1	0
573	6	48	378	255	72	69	V	v	\N	\N	1	0
574	6	49	450	255	72	69	B	b	\N	\N	1	0
575	6	50	522	255	72	69	N	n	\N	\N	1	0
576	6	51	594	255	72	69	M	m	\N	\N	1	0
577	6	52	666	255	72	69	<	,	\N	\N	0	0
578	6	53	738	255	72	69	>	.	\N	\N	0	0
579	6	54	810	255	72	69	?	/	\N	\N	0	0
580	6	55	882	255	162	69	\N	RShift	\N	\N	0	0
581	6	56	0	324	108	84	\N	LCtrl	\N	\N	0	0
582	6	57	108	324	90	84	\N	LAlt	\N	\N	0	0
583	6	58	306	324	432	84	\N	Space	\N	\N	0	0
584	6	59	936	324	108	84	\N	RCtrl	\N	\N	0	0
585	6	60	846	324	90	84	\N	RAlt	\N	\N	0	0
586	6	61	1071	48	72	69	\N	fn	\N	\N	0	0
587	6	62	1071	117	72	69	\N	DeleteX	\N	\N	0	0
588	6	63	1071	339	72	69	\N	Left	\N	\N	0	0
589	6	64	1143	48	72	69	\N	Home	\N	\N	0	0
590	6	65	1143	117	72	69	\N	End	\N	\N	0	0
591	6	66	1143	270	72	69	\N	Up	\N	\N	0	0
592	6	67	1143	339	72	69	\N	Down	\N	\N	0	0
593	6	68	1215	48	72	69	\N	Page Up	\N	\N	0	0
594	6	69	1215	117	72	69	\N	Page Dn	\N	\N	0	0
595	6	70	1215	339	72	69	\N	Right	\N	\N	0	0
596	6	71	1314	48	72	69	\N	Fn	\N	\N	0	1
597	6	72	1314	117	72	69	7	Home	\N	\N	0	1
598	6	73	1314	186	72	69	4	Left	\N	\N	0	1
599	6	74	1314	255	72	69	1	End	\N	\N	0	1
600	6	75	1458	48	72	69	\N	/	\N	\N	0	1
601	6	76	1386	117	72	69	8	Up	\N	\N	0	1
602	6	77	1386	186	72	69	5		\N	\N	0	1
603	6	78	1386	255	72	69	2	Down	\N	\N	0	1
604	6	79	1314	324	144	84	0	Ins	\N	\N	0	1
605	6	80	1530	48	72	69	\N	*	\N	\N	0	1
606	6	81	1458	117	72	69	9	PgUp	\N	\N	0	1
607	6	82	1458	186	72	69	6	Right	\N	\N	0	1
608	6	83	1458	255	72	69	3	PgDn	\N	\N	0	1
609	6	84	1458	324	72	84	.	Del	\N	\N	0	1
610	6	85	1530	117	72	69	\N	-	\N	\N	0	1
611	6	86	1530	186	72	69	\N	+	\N	\N	0	1
612	6	87	1530	255	72	153	\N	Enter	\N	\N	0	1
613	6	88	0	0	75	48	\N	Esc	\N	\N	0	0
614	6	89	75	0	75	48	Bright -	F1	\N	\N	0	0
615	6	90	149	0	75	48	Bright +	F2	\N	\N	0	0
616	6	91	224	0	75	48	Exposé	F3	\N	\N	0	0
617	6	92	298	0	75	48	Dashbrd	F4	\N	\N	0	0
618	6	93	373	0	75	48	\N	F5	\N	\N	0	0
619	6	94	447	0	75	48	\N	F6	\N	\N	0	0
620	6	95	522	0	75	48	Track -	F7	\N	\N	0	0
621	6	96	597	0	75	48	Play	F8	\N	\N	0	0
622	6	97	671	0	75	48	Track +	F9	\N	\N	0	0
623	6	98	746	0	75	48	Mute	F10	\N	\N	0	0
624	6	99	820	0	75	48	Vol -	F11	\N	\N	0	0
625	6	100	895	0	75	48	Vol +	F12	\N	\N	0	0
626	6	104	198	324	108	84	\N	LComm	\N	\N	0	0
627	6	105	738	324	108	84	\N	RComm	\N	\N	0	0
628	6	107	1071	0	72	48	\N	F13	\N	\N	0	0
629	6	108	1143	0	72	48	\N	F14	\N	\N	0	0
630	6	109	1215	0	72	48	\N	F15	\N	\N	0	0
631	6	110	1314	0	72	48	\N	F16	\N	\N	0	1
632	6	111	1386	0	72	48	\N	F17	\N	\N	0	1
633	6	112	1458	0	72	48	\N	F18	\N	\N	0	1
634	6	113	1530	0	72	48	\N	F19	\N	\N	0	1
635	6	114	1386	48	72	69	\N	=	\N	\N	0	0
636	6	118	969	0	75	48	\N	Eject	\N	\N	0	0
637	7	1	0	72	72	72	±	§	\N	\N	0	0
638	7	2	72	72	72	72	!	1	\N	\N	0	0
639	7	3	144	72	72	72	@	2	€	\N	0	0
640	7	4	216	72	72	72	#	3	\N	\N	0	0
641	7	5	288	72	72	72	$	4	\N	\N	0	0
642	7	6	360	72	72	72	%	5	\N	\N	0	0
643	7	7	432	72	72	72	^	6	\N	\N	0	0
644	7	8	504	72	72	72	&	7	\N	\N	0	0
645	7	9	576	72	72	72	*	8	\N	\N	0	0
646	7	10	648	72	72	72	(	9	\N	\N	0	0
647	7	11	720	72	72	72	)	0	\N	\N	0	0
648	7	12	792	72	72	72	_	-	\N	\N	0	0
649	7	13	864	72	72	72	+	=	\N	\N	0	0
650	7	14	936	72	144	72	\N	Delete	\N	\N	0	0
651	7	15	0	144	108	72	\N	Tab	\N	\N	0	0
652	7	16	108	144	72	72	Q	q	\N	\N	1	0
653	7	17	180	144	72	72	W	w	\N	\N	1	0
654	7	18	252	144	72	72	E	e	\N	\N	1	0
655	7	19	324	144	72	72	R	r	\N	\N	1	0
656	7	20	396	144	72	72	T	t	\N	\N	1	0
657	7	21	468	144	72	72	Y	y	\N	\N	1	0
658	7	22	540	144	72	72	U	u	\N	\N	1	0
659	7	23	612	144	72	72	I	i	\N	\N	1	0
660	7	24	684	144	72	72	O	o	\N	\N	1	0
661	7	25	756	144	72	72	P	p	\N	\N	1	0
662	7	26	828	144	72	72	{	[	\N	\N	0	0
663	7	27	900	144	72	72	}	]	\N	\N	0	0
664	7	29	0	216	126	72	\N	Caps Lock	\N	\N	0	0
665	7	30	126	216	72	72	A	a	\N	\N	1	0
666	7	31	198	216	72	72	S	s	\N	\N	1	0
667	7	32	270	216	72	72	D	d	\N	\N	1	0
668	7	33	342	216	72	72	F	f	\N	\N	1	0
669	7	34	414	216	72	72	G	g	\N	\N	1	0
670	7	35	486	216	72	72	H	h	\N	\N	1	0
671	7	36	558	216	72	72	J	j	\N	\N	1	0
672	7	37	630	216	72	72	K	k	\N	\N	1	0
673	7	38	702	216	72	72	L	l	\N	\N	1	0
674	7	39	774	216	72	72	:	;	\N	\N	0	0
675	7	40	846	216	72	72	"	'	\N	\N	0	0
676	7	41	918	216	72	72	|	\\	\N	\N	0	0
677	7	42	990	144	90	144	\N	Return	\N	\N	0	0
678	7	43	0	288	90	72	\N	LShift	\N	\N	0	0
679	7	44	90	288	72	72	~	`	\N	\N	0	0
680	7	45	162	288	72	72	Z	z	\N	\N	1	0
681	7	46	234	288	72	72	X	x	\N	\N	1	0
682	7	47	306	288	72	72	C	c	\N	\N	1	0
683	7	48	378	288	72	72	V	v	\N	\N	1	0
684	7	49	450	288	72	72	B	b	\N	\N	1	0
685	7	50	522	288	72	72	N	n	\N	\N	1	0
686	7	51	594	288	72	72	M	m	\N	\N	1	0
687	7	52	666	288	72	72	<	,	\N	\N	0	0
688	7	53	738	288	72	72	>	.	\N	\N	0	0
689	7	54	810	288	72	72	?	/	\N	\N	0	0
690	7	55	882	288	198	72	\N	RShift	\N	\N	0	0
691	7	56	0	360	108	72	\N	LCtrl	\N	\N	0	0
692	7	57	108	360	90	72	\N	LAlt	\N	\N	0	0
693	7	58	306	360	468	72	\N	Space	\N	\N	0	0
694	7	59	882	360	90	72	\N	RAlt	\N	\N	0	0
695	7	60	972	360	108	72	\N	RCtrl	\N	\N	0	0
696	7	61	1107	72	72	72	\N	Help	\N	\N	0	0
697	7	62	1107	144	72	72	\N	DeleteX	\N	\N	0	0
698	7	63	1107	360	72	72	\N	Left	\N	\N	0	0
699	7	64	1179	72	72	72	\N	Home	\N	\N	0	0
700	7	65	1179	144	72	72	\N	End	\N	\N	0	0
701	7	66	1179	288	72	72	\N	Up	\N	\N	0	0
702	7	67	1179	360	72	72	\N	Down	\N	\N	0	0
703	7	68	1251	72	72	72	\N	Page Up	\N	\N	0	0
704	7	69	1251	144	72	72	\N	Page Dn	\N	\N	0	0
705	7	70	1251	360	72	72	\N	Right	\N	\N	0	0
706	7	71	1350	72	72	72	\N	Clear	\N	\N	0	1
707	7	72	1350	144	72	72	7	Home	\N	\N	0	1
708	7	73	1350	216	72	72	4	Left	\N	\N	0	1
709	7	74	1350	288	72	72	1	End	\N	\N	0	1
710	7	75	1494	72	72	72	\N	/	\N	\N	0	1
711	7	76	1422	144	72	72	8	Up	\N	\N	0	1
712	7	77	1422	216	72	72	5		\N	\N	0	1
713	7	78	1422	288	72	72	2	Down	\N	\N	0	1
714	7	79	1350	360	144	72	0	Ins	\N	\N	0	1
715	7	80	1566	72	72	72	\N	*	\N	\N	0	1
716	7	81	1494	144	72	72	9	PgUp	\N	\N	0	1
717	7	82	1494	216	72	72	6	Right	\N	\N	0	1
718	7	83	1494	288	72	72	3	PgDn	\N	\N	0	1
719	7	84	1494	360	72	72	.	Del	\N	\N	0	1
720	7	85	1566	144	72	72	\N	-	\N	\N	0	1
721	7	86	1566	216	72	72	\N	+	\N	\N	0	1
722	7	87	1566	288	72	144	\N	Enter	\N	\N	0	1
723	7	88	0	0	108	72	\N	Esc	\N	\N	0	0
724	7	89	108	0	72	72	\N	F1	\N	\N	0	0
725	7	90	180	0	72	72	\N	F2	\N	\N	0	0
726	7	91	252	0	72	72	\N	F3	\N	\N	0	0
727	7	92	324	0	72	72	\N	F4	\N	\N	0	0
728	7	93	396	0	72	72	\N	F5	\N	\N	0	0
729	7	94	468	0	72	72	\N	F6	\N	\N	0	0
730	7	95	540	0	72	72	\N	F7	\N	\N	0	0
731	7	96	612	0	72	72	\N	F8	\N	\N	0	0
732	7	97	684	0	72	72	\N	F9	\N	\N	0	0
733	7	98	756	0	72	72	\N	F10	\N	\N	0	0
734	7	99	828	0	72	72	\N	F11	\N	\N	0	0
735	7	100	900	0	72	72	\N	F12	\N	\N	0	0
736	7	104	198	360	108	72	\N	LComm	\N	\N	0	0
737	7	105	774	360	108	72	\N	RComm	\N	\N	0	0
738	7	107	972	0	108	72	\N	F13	\N	\N	0	0
739	7	108	1107	0	72	72	\N	F14	\N	\N	0	0
740	7	109	1179	0	72	72	\N	F15	\N	\N	0	0
741	7	110	1251	0	72	72	\N	F16	\N	\N	0	0
742	7	114	1422	72	72	72	\N	=	\N	\N	0	0
743	7	115	1350	0	72	72	\N	Vol -	\N	\N	0	1
744	7	116	1422	0	72	72	\N	Vol +	\N	\N	0	1
745	7	117	1494	0	72	72	\N	Mute	\N	\N	0	1
746	7	118	1566	0	72	72	\N	Eject	\N	\N	0	1
1128	8	1	0	108	72	72	¬	`	¦	\N	0	0
1129	8	2	72	108	72	72	!	1	\N	\N	0	0
1130	8	3	144	108	72	72	"	2	\N	\N	0	0
1131	8	4	216	108	72	72	£	3	\N	\N	0	0
1132	8	5	288	108	72	72	$	4	€	\N	0	0
1133	8	6	360	108	72	72	%	5	\N	\N	0	0
1134	8	7	432	108	72	72	^	6	\N	\N	0	0
1135	8	8	504	108	72	72	&	7	\N	\N	0	0
1136	8	9	576	108	72	72	*	8	\N	\N	0	0
1137	8	10	648	108	72	72	(	9	\N	\N	0	0
1138	8	11	720	108	72	72	)	0	\N	\N	0	0
1139	8	12	792	108	72	72	_	-	\N	\N	0	0
1140	8	13	864	108	72	72	+	=	\N	\N	0	0
1141	8	14	936	108	144	72	\N	Backspace	\N	\N	0	0
1142	8	15	0	180	108	72	\N	Tab	\N	\N	0	0
1143	8	16	108	180	72	72	Q	q	\N	\N	1	0
1144	8	17	180	180	72	72	W	w	\N	\N	1	0
1145	8	18	252	180	72	72	E	e	É	\N	1	0
1146	8	19	324	180	72	72	R	r	\N	\N	1	0
1147	8	20	396	180	72	72	T	t	\N	\N	1	0
1148	8	21	468	180	72	72	Y	y	\N	\N	1	0
1149	8	22	540	180	72	72	U	u	Ú	\N	1	0
1150	8	23	612	180	72	72	I	i	Í	\N	1	0
1151	8	24	684	180	72	72	O	o	Ó	\N	1	0
1152	8	25	756	180	72	72	P	p	\N	\N	1	0
1153	8	26	828	180	72	72	{	[	\N	\N	0	0
1154	8	27	900	180	72	72	}	]	\N	\N	0	0
1155	8	29	0	252	126	72	\N	Caps Lock	\N	\N	0	0
1156	8	30	126	252	72	72	A	a	Á	\N	1	0
1157	8	31	198	252	72	72	S	s	\N	\N	1	0
1158	8	32	270	252	72	72	D	d	\N	\N	1	0
1159	8	33	342	252	72	72	F	f	\N	\N	1	0
1160	8	34	414	252	72	72	G	g	\N	\N	1	0
1161	8	35	486	252	72	72	H	h	\N	\N	1	0
1162	8	36	558	252	72	72	J	j	\N	\N	1	0
1163	8	37	630	252	72	72	K	k	\N	\N	1	0
1164	8	38	702	252	72	72	L	l	\N	\N	1	0
1165	8	39	774	252	72	72	:	;	\N	\N	0	0
1166	8	40	846	252	72	72	@	'	\N	\N	0	0
1167	8	41	918	252	72	72	~	#	\N	\N	0	0
1168	8	42	990	180	90	144	\N	Enter	\N	\N	0	0
1169	8	43	0	324	162	72	\N	LShift	\N	\N	0	0
1170	8	44	90	324	72	72	|	\\	\N	\N	0	0
1171	8	45	162	324	72	72	Z	z	\N	\N	1	0
1172	8	46	234	324	72	72	X	x	\N	\N	1	0
1173	8	47	306	324	72	72	C	c	\N	\N	1	0
1174	8	48	378	324	72	72	V	v	\N	\N	1	0
1175	8	49	450	324	72	72	B	b	\N	\N	1	0
1176	8	50	522	324	72	72	N	n	\N	\N	1	0
1177	8	51	594	324	72	72	M	m	\N	\N	1	0
1178	8	52	666	324	72	72	<	,	\N	\N	0	0
1179	8	53	738	324	72	72	>	.	\N	\N	0	0
1180	8	54	810	324	72	72	?	/	\N	\N	0	0
1181	8	55	882	324	198	72	\N	RShift	\N	\N	0	0
1182	8	56	0	396	90	72	\N	LCtrl	\N	\N	0	0
1183	8	57	180	396	90	72	\N	LAlt	\N	\N	0	0
1184	8	58	270	396	450	72	\N	Space	\N	\N	0	0
1185	8	59	720	396	90	72	\N	AltGr	\N	\N	0	0
1186	8	60	990	396	90	72	\N	RCtrl	\N	\N	0	0
1187	8	61	1116	108	72	72	\N	Insert	\N	\N	0	0
1188	8	62	1116	180	72	72	\N	Delete	\N	\N	0	0
1189	8	63	1116	396	72	72	\N	Left	\N	\N	0	0
1190	8	64	1188	108	72	72	\N	Home	\N	\N	0	0
1191	8	65	1188	180	72	72	\N	End	\N	\N	0	0
1192	8	66	1188	324	72	72	\N	Up	\N	\N	0	0
1193	8	67	1188	396	72	72	\N	Down	\N	\N	0	0
1194	8	68	1260	108	72	72	\N	Page Up	\N	\N	0	0
1195	8	69	1260	180	72	72	\N	Page Dn	\N	\N	0	0
1196	8	70	1260	396	72	72	\N	Right	\N	\N	0	0
1197	8	71	1368	108	72	72	\N	NumLk	\N	\N	0	1
1198	8	72	1368	180	72	72	7	Home	\N	\N	0	1
1199	8	73	1368	252	72	72	4	Left	\N	\N	0	1
1200	8	74	1368	324	72	72	1	End	\N	\N	0	1
1201	8	75	1440	108	72	72	\N	/	\N	\N	0	1
1202	8	76	1440	180	72	72	8	Up	\N	\N	0	1
1203	8	77	1440	252	72	72	5		\N	\N	0	1
1204	8	78	1440	324	72	72	2	Down	\N	\N	0	1
1205	8	79	1368	396	144	72	0	Ins	\N	\N	0	1
1206	8	80	1512	108	72	72	\N	*	\N	\N	0	1
1207	8	81	1512	180	72	72	9	PgUp	\N	\N	0	1
1208	8	82	1512	252	72	72	6	Right	\N	\N	0	1
1209	8	83	1512	324	72	72	3	PgDn	\N	\N	0	1
1210	8	84	1512	396	72	72	.	Del	\N	\N	0	1
1211	8	85	1584	108	72	72	\N	-	\N	\N	0	1
1212	8	86	1584	180	72	144	\N	+	\N	\N	0	1
1213	8	87	1584	324	72	144	\N	Enter	\N	\N	0	1
1214	8	88	0	0	72	72	\N	Esc	\N	\N	0	0
1215	8	89	144	0	72	72	\N	F1	\N	\N	0	0
1216	8	90	216	0	72	72	\N	F2	\N	\N	0	0
1217	8	91	288	0	72	72	\N	F3	\N	\N	0	0
1218	8	92	360	0	72	72	\N	F4	\N	\N	0	0
1219	8	93	468	0	72	72	\N	F5	\N	\N	0	0
1220	8	94	540	0	72	72	\N	F6	\N	\N	0	0
1221	8	95	612	0	72	72	\N	F7	\N	\N	0	0
1222	8	96	684	0	72	72	\N	F8	\N	\N	0	0
1223	8	97	792	0	72	72	\N	F9	\N	\N	0	0
1224	8	98	864	0	72	72	\N	F10	\N	\N	0	0
1225	8	99	936	0	72	72	\N	F11	\N	\N	0	0
1226	8	100	1008	0	72	72	\N	F12	\N	\N	0	0
1227	8	101	1110	0	72	72	SysRq	PrtScr	\N	\N	0	0
1228	8	102	1182	0	72	72	\N	ScrLk	\N	\N	0	0
1229	8	103	1254	0	72	72	Break	Pause	\N	\N	0	0
1230	8	104	90	396	90	72	\N	LWin	\N	\N	0	0
1231	8	105	810	396	90	72	\N	RWin	\N	\N	0	0
1232	8	106	900	396	90	72	\N	Menu	\N	\N	0	0
1258	9	1	0	108	72	72	ª	°	\\	\N	0	0
1259	9	2	72	108	72	72	!	1	|	\N	0	0
1260	9	3	144	108	72	72	"	2	@	\N	0	0
1261	9	4	216	108	72	72	⋅	3	#	\N	0	0
1262	9	5	288	108	72	72	$	4	~	\N	0	0
1263	9	6	360	108	72	72	%	5	€	\N	0	0
1264	9	7	432	108	72	72	&	6	¬	\N	0	0
1265	9	8	504	108	72	72	/	7	\N	\N	0	0
1266	9	9	576	108	72	72	(	8	\N	\N	0	0
1267	9	10	648	108	72	72	)	9	\N	\N	0	0
1268	9	11	720	108	72	72	=	0	\N	\N	0	0
1269	9	12	792	108	72	72	?	'	\N	\N	0	0
1270	9	13	864	108	72	72	¿	¡	\N	\N	0	0
1271	9	14	936	108	144	72	\N	Retroceso	\N	\N	0	0
1272	9	15	0	180	108	72	\N	Tab	\N	\N	0	0
1273	9	16	108	180	72	72	Q	q	\N	\N	1	0
1274	9	17	180	180	72	72	W	w	\N	\N	1	0
1275	9	18	252	180	72	72	E	e	\N	\N	1	0
1276	9	19	324	180	72	72	R	r	\N	\N	1	0
1277	9	20	396	180	72	72	T	t	\N	\N	1	0
1278	9	21	468	180	72	72	Y	y	\N	\N	1	0
1279	9	22	540	180	72	72	U	u	\N	\N	1	0
1280	9	23	612	180	72	72	I	i	\N	\N	1	0
1281	9	24	684	180	72	72	O	o	\N	\N	1	0
1282	9	25	756	180	72	72	P	p	\N	\N	1	0
1283	9	26	828	180	72	72	^	`	[	\N	0	0
1284	9	27	900	180	72	72	*	+	]	\N	0	0
1285	9	29	0	252	126	72	\N	Bloq Mayús	\N	\N	0	0
1286	9	30	126	252	72	72	A	a	\N	\N	1	0
1287	9	31	198	252	72	72	S	s	\N	\N	1	0
1288	9	32	270	252	72	72	D	d	\N	\N	1	0
1289	9	33	342	252	72	72	F	f	\N	\N	1	0
1290	9	34	414	252	72	72	G	g	\N	\N	1	0
1291	9	35	486	252	72	72	H	h	\N	\N	1	0
1292	9	36	558	252	72	72	J	j	\N	\N	1	0
1293	9	37	630	252	72	72	K	k	\N	\N	1	0
1294	9	38	702	252	72	72	L	l	\N	\N	1	0
1295	9	39	774	252	72	72	Ñ	ñ	\N	\N	1	0
1296	9	40	846	252	72	72	"	´	{	\N	0	0
1297	9	41	918	252	72	72	Ç	ç	}	\N	0	0
1298	9	42	990	180	90	144	\N	Entrar	\N	\N	0	0
1299	9	43	0	324	90	72	\N	MayúsI	\N	\N	0	0
1300	9	44	90	324	72	72	|	\\		\N	0	0
1301	9	45	162	324	72	72	Z	z	\N	\N	1	0
1302	9	46	234	324	72	72	X	x	\N	\N	1	0
1303	9	47	306	324	72	72	C	c	\N	\N	1	0
1304	9	48	378	324	72	72	V	v	\N	\N	1	0
1305	9	49	450	324	72	72	B	b	\N	\N	1	0
1306	9	50	522	324	72	72	N	n	\N	\N	1	0
1307	9	51	594	324	72	72	M	m	\N	\N	1	0
1308	9	52	666	324	72	72	;	,	\N	\N	0	0
1309	9	53	738	324	72	72	:	.	\N	\N	0	0
1310	9	54	810	324	72	72	-	_	\N	\N	0	0
1311	9	55	882	324	198	72	\N	MayúsD	\N	\N	0	0
1312	9	56	0	396	90	72	\N	CtrlI	\N	\N	0	0
1313	9	57	180	396	90	72	\N	AltI	\N	\N	0	0
1314	9	58	270	396	450	72	\N	Barra Espaciador	\N	\N	0	0
1315	9	59	720	396	90	72	\N	AltGr	\N	\N	0	0
1316	9	60	990	396	90	72	\N	CtrlD	\N	\N	0	0
1317	9	61	1116	108	72	72	\N	Inserta	\N	\N	0	0
1318	9	62	1116	180	72	72	\N	Supr	\N	\N	0	0
1319	9	63	1116	396	72	72	\N	Izquierda	\N	\N	0	0
1320	9	64	1188	108	72	72	\N	Inicio	\N	\N	0	0
1321	9	65	1188	180	72	72	\N	Fin	\N	\N	0	0
1322	9	66	1188	324	72	72	\N	Arriba	\N	\N	0	0
1323	9	67	1188	396	72	72	\N	Abajo	\N	\N	0	0
1324	9	68	1260	108	72	72	\N	RePág	\N	\N	0	0
1325	9	69	1260	180	72	72	\N	AvPág	\N	\N	0	0
1326	9	70	1260	396	72	72	\N	Derecha	\N	\N	0	0
1327	9	71	1368	108	72	72	\N	BloqNum	\N	\N	0	1
1328	9	72	1368	180	72	72	7	Inicio	\N	\N	0	1
1329	9	73	1368	252	72	72	4	Izquierda	\N	\N	0	1
1330	9	74	1368	324	72	72	1	Fin	\N	\N	0	1
1331	9	75	1440	108	72	72		/	\N	\N	0	1
1332	9	76	1440	180	72	72	8	Arriba	\N	\N	0	1
1333	9	77	1440	252	72	72	5		\N	\N	0	1
1334	9	78	1440	324	72	72	2	Abajo	\N	\N	0	1
1335	9	79	1368	396	144	72	0	Insert	\N	\N	0	1
1336	9	80	1512	108	72	72	\N	*	\N	\N	0	1
1337	9	81	1512	180	72	72	9	RePág	\N	\N	0	1
1338	9	82	1512	252	72	72	6	Derecha	\N	\N	0	1
1339	9	83	1512	324	72	72	3	AvPág	\N	\N	0	1
1340	9	84	1512	396	72	72	.	Del	\N	\N	0	1
1341	9	85	1584	108	72	72	\N	-	\N	\N	0	1
1342	9	86	1584	180	72	144	\N	+	\N	\N	0	1
1343	9	87	1584	324	72	144	\N	Entrar	\N	\N	0	1
1344	9	88	0	0	72	72	\N	Esc	\N	\N	0	0
1345	9	89	144	0	72	72	\N	F1	\N	\N	0	0
1346	9	90	216	0	72	72	\N	F2	\N	\N	0	0
1347	9	91	288	0	72	72	\N	F3	\N	\N	0	0
1348	9	92	360	0	72	72	\N	F4	\N	\N	0	0
1349	9	93	468	0	72	72	\N	F5	\N	\N	0	0
1350	9	94	540	0	72	72	\N	F6	\N	\N	0	0
1351	9	95	612	0	72	72	\N	F7	\N	\N	0	0
1352	9	96	684	0	72	72	\N	F8	\N	\N	0	0
1353	9	97	792	0	72	72	\N	F9	\N	\N	0	0
1354	9	98	864	0	72	72	\N	F10	\N	\N	0	0
1355	9	99	936	0	72	72	\N	F11	\N	\N	0	0
1356	9	100	1008	0	72	72	\N	F12	\N	\N	0	0
1357	9	101	1110	0	72	72	PetSis	ImpPnt	\N	\N	0	0
1358	9	102	1182	0	72	72	\N	Bloq\\nDespl	\N	\N	0	0
1359	9	103	1254	0	72	72	Inter	Pausa	\N	\N	0	0
1360	9	104	90	396	90	72	\N	WinI	\N	\N	0	0
1361	9	105	810	396	90	72	\N	WinD	\N	\N	0	0
1362	9	106	900	396	90	72	\N	Menú	\N	\N	0	0
1509	10	1	0	108	72	72	~	`		\N	0	0
1510	10	2	72	108	72	72	!	1		\N	0	0
1511	10	3	144	108	72	72	@	2		\N	0	0
1512	10	4	216	108	72	72	#	3		\N	0	0
1513	10	5	288	108	72	72	$	4		\N	0	0
1514	10	6	360	108	72	72	%	5		\N	0	0
1515	10	7	432	108	72	72	^	6		\N	0	0
1516	10	8	504	108	72	72	&	7		\N	0	0
1517	10	9	576	108	72	72	*	8		\N	0	0
1518	10	10	648	108	72	72	(	9		\N	0	0
1519	10	11	720	108	72	72	)	0		\N	0	0
1520	10	12	792	108	72	72	{	[		\N	0	0
1521	10	13	864	108	72	72	}	]		\N	0	0
1522	10	14	936	108	144	72		Backspace		\N	0	0
1523	10	15	0	180	108	72		Tab		\N	0	0
1524	10	16	108	180	72	72	"	'		\N	0	0
1525	10	17	180	180	72	72	<	,		\N	0	0
1526	10	18	252	180	72	72	>	.		\N	0	0
1527	10	19	324	180	72	72	P	p		\N	1	0
1528	10	20	396	180	72	72	Y	y		\N	1	0
1529	10	21	468	180	72	72	F	f		\N	1	0
1530	10	22	540	180	72	72	G	g		\N	1	0
1531	10	23	612	180	72	72	C	c		\N	1	0
1532	10	24	684	180	72	72	R	r		\N	1	0
1533	10	25	756	180	72	72	L	l		\N	1	0
1534	10	26	828	180	72	72	?	/		\N	0	0
1535	10	27	900	180	72	72	+	=		\N	0	0
1536	10	28	972	180	108	72	|	\\		\N	0	0
1537	10	29	0	252	126	72		Caps Lock		\N	0	0
1538	10	30	126	252	72	72	A	a		\N	1	0
1539	10	31	198	252	72	72	O	o		\N	1	0
1540	10	32	270	252	72	72	E	e		\N	1	0
1541	10	33	342	252	72	72	U	u		\N	1	0
1542	10	34	414	252	72	72	I	i		\N	1	0
1543	10	35	486	252	72	72	D	d		\N	1	0
1544	10	36	558	252	72	72	H	h		\N	1	0
1545	10	37	630	252	72	72	T	t		\N	1	0
1546	10	38	702	252	72	72	N	n		\N	1	0
1547	10	39	774	252	72	72	S	s		\N	1	0
1548	10	40	846	252	72	72	_	-		\N	0	0
1549	10	42	918	252	162	72		Enter		\N	0	0
1550	10	43	0	324	162	72		LShift		\N	0	0
1551	10	45	162	324	72	72	:	;		\N	0	0
1552	10	46	234	324	72	72	Q	q		\N	1	0
1553	10	47	306	324	72	72	J	j		\N	1	0
1554	10	48	378	324	72	72	K	k		\N	1	0
1555	10	49	450	324	72	72	X	x		\N	1	0
1556	10	50	522	324	72	72	B	b		\N	1	0
1557	10	51	594	324	72	72	M	m		\N	1	0
1558	10	52	666	324	72	72	W	w		\N	1	0
1559	10	53	738	324	72	72	V	v		\N	1	0
1560	10	54	810	324	72	72	Z	z		\N	1	0
1561	10	55	882	324	198	72		RShift		\N	0	0
1562	10	56	0	396	90	72		LCtrl		\N	0	0
1563	10	57	180	396	90	72		Alt		\N	0	0
1564	10	58	270	396	450	72		Space		\N	0	0
1565	10	59	720	396	90	72		AltGr		\N	0	0
1566	10	60	990	396	90	72		RCtrl		\N	0	0
1567	10	61	1116	108	72	72		Insert		\N	0	0
1568	10	62	1116	180	72	72		Delete		\N	0	0
1569	10	63	1116	396	72	72		Left		\N	0	0
1570	10	64	1188	108	72	72		Home		\N	0	0
1571	10	65	1188	180	72	72		End		\N	0	0
1572	10	66	1188	324	72	72		Up		\N	0	0
1573	10	67	1188	396	72	72		Down		\N	0	0
1574	10	68	1260	108	72	72		Page Up		\N	0	0
1575	10	69	1260	180	72	72		Page Dn		\N	0	0
1576	10	70	1260	396	72	72		Right		\N	0	0
1577	10	71	1368	108	72	72		NumLk		\N	0	1
1578	10	72	1368	180	72	72	7	Home		\N	0	1
1579	10	73	1368	252	72	72	4	Left		\N	0	1
1580	10	74	1368	324	72	72	1	End		\N	0	1
1581	10	75	1440	108	72	72		/		\N	0	1
1582	10	76	1440	180	72	72	8	Up		\N	0	1
1583	10	77	1440	252	72	72	5			\N	0	1
1584	10	78	1440	324	72	72	2	Down		\N	0	1
1585	10	79	1368	396	144	72	0	Ins		\N	0	1
1586	10	80	1512	108	72	72		*		\N	0	1
1587	10	81	1512	180	72	72	9	PgUp		\N	0	1
1588	10	82	1512	252	72	72	6	Right		\N	0	1
1589	10	83	1512	324	72	72	3	PgDn		\N	0	1
1590	10	84	1512	396	72	72	.	Del		\N	0	1
1591	10	85	1584	108	72	72		-		\N	0	1
1592	10	86	1584	180	72	144		+		\N	0	1
1593	10	87	1584	324	72	144		Enter		\N	0	1
1594	10	88	0	0	72	72		Esc		\N	0	0
1595	10	89	144	0	72	72		F1		\N	0	0
1596	10	90	216	0	72	72		F2		\N	0	0
1597	10	91	288	0	72	72		F3		\N	0	0
1598	10	92	360	0	72	72		F4		\N	0	0
1599	10	93	468	0	72	72		F5		\N	0	0
1600	10	94	540	0	72	72		F6		\N	0	0
1601	10	95	612	0	72	72		F7		\N	0	0
1602	10	96	684	0	72	72		F8		\N	0	0
1603	10	97	792	0	72	72		F9		\N	0	0
1604	10	98	864	0	72	72		F10		\N	0	0
1605	10	99	936	0	72	72		F11		\N	0	0
1606	10	100	1008	0	72	72		F12		\N	0	0
1607	10	101	1110	0	72	72	SysRq	PrtScr		\N	0	0
1608	10	102	1182	0	72	72		ScrLk		\N	0	0
1609	10	103	1254	0	72	72	Break	Pause		\N	0	0
1610	10	104	90	396	90	72		LWin		\N	0	0
1611	10	105	810	396	90	72		RWin		\N	0	0
1612	10	106	900	396	90	72		Menu		\N	0	0
1613	11	1	0	108	72	72	~	`	\N	\N	0	0
1614	11	2	72	108	72	72	!	1	\N	\N	0	0
1615	11	3	144	108	72	72	@	2	\N	\N	0	0
1616	11	4	216	108	72	72	#	3	\N	\N	0	0
1617	11	5	288	108	72	72	$	4	\N	\N	0	0
1618	11	6	360	108	72	72	%	5	\N	\N	0	0
1619	11	7	432	108	72	72	^	6	\N	\N	0	0
1620	11	8	504	108	72	72	&	7	\N	\N	0	0
1621	11	9	576	108	72	72	*	8	\N	\N	0	0
1622	11	10	648	108	72	72	(	9	\N	\N	0	0
1623	11	11	720	108	72	72	)	0	\N	\N	0	0
1624	11	12	792	108	72	72	_	-	\N	\N	0	0
1625	11	13	864	108	72	72	+	=	\N	\N	0	0
1626	11	14	936	108	144	72	\N	Backspace	\N	\N	0	0
1627	11	15	0	180	108	72	\N	Tab	\N	\N	0	0
1628	11	16	108	180	72	72	Q	q	\N	\N	1	0
1629	11	17	180	180	72	72	W	w	\N	\N	1	0
1630	11	18	252	180	72	72	E	e	Ę	ę	1	0
1631	11	19	324	180	72	72	R	r	\N	\N	1	0
1632	11	20	396	180	72	72	T	t	\N	\N	1	0
1633	11	21	468	180	72	72	Y	y	\N	\N	1	0
1634	11	22	540	180	72	72	U	u	\N	€	1	0
1635	11	23	612	180	72	72	I	i	\N	\N	1	0
1636	11	24	684	180	72	72	O	o	Ó	ó	1	0
1637	11	25	756	180	72	72	P	p	\N	\N	1	0
1638	11	26	828	180	72	72	{	[	\N	\N	0	0
1639	11	27	900	180	72	72	}	]	\N	\N	0	0
1640	11	28	972	180	108	72	|	\\	\N	\N	0	0
1641	11	29	0	252	126	72	\N	Caps Lock	\N	\N	0	0
1642	11	30	126	252	72	72	A	a	Ą	ą	1	0
1643	11	31	198	252	72	72	S	s	Ś	ś	1	0
1644	11	32	270	252	72	72	D	d	\N	\N	1	0
1645	11	33	342	252	72	72	F	f	\N	\N	1	0
1646	11	34	414	252	72	72	G	g	\N	\N	1	0
1647	11	35	486	252	72	72	H	h	\N	\N	1	0
1648	11	36	558	252	72	72	J	j	\N	\N	1	0
1649	11	37	630	252	72	72	K	k	\N	\N	1	0
1650	11	38	702	252	72	72	L	l	Ł	ł	1	0
1651	11	39	774	252	72	72	:	;	\N	\N	0	0
1652	11	40	846	252	72	72	"	'	\N	\N	0	0
1653	11	42	918	252	162	72	\N	Enter	\N	\N	0	0
1654	11	43	0	324	162	72	\N	LShift	\N	\N	0	0
1655	11	45	162	324	72	72	Z	z	Ż	ż	1	0
1656	11	46	234	324	72	72	X	x	Ź	ź	1	0
1657	11	47	306	324	72	72	C	c	Ć	ć	1	0
1658	11	48	378	324	72	72	V	v	\N	\N	1	0
1659	11	49	450	324	72	72	B	b	\N	\N	1	0
1660	11	50	522	324	72	72	N	n	Ń	ń	1	0
1661	11	51	594	324	72	72	M	m	\N	\N	1	0
1662	11	52	666	324	72	72	<	,	\N	\N	0	0
1663	11	53	738	324	72	72	>	.	\N	\N	0	0
1664	11	54	810	324	72	72	?	/	\N	\N	0	0
1665	11	55	882	324	198	72	\N	RShift	\N	\N	0	0
1666	11	56	0	396	90	72	\N	LCtrl	\N	\N	0	0
1667	11	57	180	396	90	72	\N	Alt	\N	\N	0	0
1668	11	58	270	396	450	72	\N	Space	\N	\N	0	0
1669	11	59	720	396	90	72	\N	AltGr	\N	\N	0	0
1670	11	60	990	396	90	72	\N	RCtrl	\N	\N	0	0
1671	11	61	1116	108	72	72	\N	Insert	\N	\N	0	0
1672	11	62	1116	180	72	72	\N	Delete	\N	\N	0	0
1673	11	63	1116	396	72	72	\N	Left	\N	\N	0	0
1674	11	64	1188	108	72	72	\N	Home	\N	\N	0	0
1675	11	65	1188	180	72	72	\N	End	\N	\N	0	0
1676	11	66	1188	324	72	72	\N	Up	\N	\N	0	0
1677	11	67	1188	396	72	72	\N	Down	\N	\N	0	0
1678	11	68	1260	108	72	72	\N	Page Up	\N	\N	0	0
1679	11	69	1260	180	72	72	\N	Page Dn	\N	\N	0	0
1680	11	70	1260	396	72	72	\N	Right	\N	\N	0	0
1681	11	71	1368	108	72	72	\N	NumLk	\N	\N	0	1
1682	11	72	1368	180	72	72	7	Home	\N	\N	0	1
1683	11	73	1368	252	72	72	4	Left	\N	\N	0	1
1684	11	74	1368	324	72	72	1	End	\N	\N	0	1
1685	11	75	1440	108	72	72	\N	/	\N	\N	0	1
1686	11	76	1440	180	72	72	8	Up	\N	\N	0	1
1687	11	77	1440	252	72	72	5	\N	\N	\N	0	1
1688	11	78	1440	324	72	72	2	Down	\N	\N	0	1
1689	11	79	1368	396	144	72	0	Ins	\N	\N	0	1
1690	11	80	1512	108	72	72	\N	*	\N	\N	0	1
1691	11	81	1512	180	72	72	9	PgUp	\N	\N	0	1
1692	11	82	1512	252	72	72	6	Right	\N	\N	0	1
1693	11	83	1512	324	72	72	3	PgDn	\N	\N	0	1
1694	11	84	1512	396	72	72	.	Del	\N	\N	0	1
1695	11	85	1584	108	72	72	\N	-	\N	\N	0	1
1696	11	86	1584	180	72	144	\N	+	\N	\N	0	1
1697	11	87	1584	324	72	144	\N	Enter	\N	\N	0	1
1698	11	88	0	0	72	72	\N	Esc	\N	\N	0	0
1699	11	89	144	0	72	72	\N	F1	\N	\N	0	0
1700	11	90	216	0	72	72	\N	F2	\N	\N	0	0
1701	11	91	288	0	72	72	\N	F3	\N	\N	0	0
1702	11	92	360	0	72	72	\N	F4	\N	\N	0	0
1703	11	93	468	0	72	72	\N	F5	\N	\N	0	0
1704	11	94	540	0	72	72	\N	F6	\N	\N	0	0
1705	11	95	612	0	72	72	\N	F7	\N	\N	0	0
1706	11	96	684	0	72	72	\N	F8	\N	\N	0	0
1707	11	97	792	0	72	72	\N	F9	\N	\N	0	0
1708	11	98	864	0	72	72	\N	F10	\N	\N	0	0
1709	11	99	936	0	72	72	\N	F11	\N	\N	0	0
1710	11	100	1008	0	72	72	\N	F12	\N	\N	0	0
1711	11	101	1116	0	72	72	SysRq	PrtScr	\N	\N	0	0
1712	11	102	1188	0	72	72	\N	ScrLk	\N	\N	0	0
1713	11	103	1260	0	72	72	Break	Pause	\N	\N	0	0
1714	11	104	90	396	90	72	\N	LWin	\N	\N	0	0
1715	11	105	810	396	90	72	\N	RWin	\N	\N	0	0
1716	11	106	900	396	90	72	\N	Menu	\N	\N	0	0
